%%MatrixMarket matrix coordinate  real general
1000 1000 2998
1 1 2.0000000000000000000000000000000000000000000000000000000000000000e+00
2 1 -1.0000000000000000000000000000000000000000000000000000000000000000e+00
1 2 -1.0000000000000000000000000000000000000000000000000000000000000000e+00
2 2 4.0000000000000000000000000000000000000000000000000000000000000000e+00
3 2 -2.0000000000000000000000000000000000000000000000000000000000000000e+00
2 3 -2.0000000000000000000000000000000000000000000000000000000000000000e+00
3 3 6.0000000000000000000000000000000000000000000000000000000000000000e+00
4 3 -3.0000000000000000000000000000000000000000000000000000000000000000e+00
3 4 -3.0000000000000000000000000000000000000000000000000000000000000000e+00
4 4 8.0000000000000000000000000000000000000000000000000000000000000000e+00
5 4 -4.0000000000000000000000000000000000000000000000000000000000000000e+00
4 5 -4.0000000000000000000000000000000000000000000000000000000000000000e+00
5 5 1.0000000000000000000000000000000000000000000000000000000000000000e+01
6 5 -5.0000000000000000000000000000000000000000000000000000000000000000e+00
5 6 -5.0000000000000000000000000000000000000000000000000000000000000000e+00
6 6 1.2000000000000000000000000000000000000000000000000000000000000000e+01
7 6 -6.0000000000000000000000000000000000000000000000000000000000000000e+00
6 7 -6.0000000000000000000000000000000000000000000000000000000000000000e+00
7 7 1.4000000000000000000000000000000000000000000000000000000000000000e+01
8 7 -7.0000000000000000000000000000000000000000000000000000000000000000e+00
7 8 -7.0000000000000000000000000000000000000000000000000000000000000000e+00
8 8 1.6000000000000000000000000000000000000000000000000000000000000000e+01
9 8 -8.0000000000000000000000000000000000000000000000000000000000000000e+00
8 9 -8.0000000000000000000000000000000000000000000000000000000000000000e+00
9 9 1.8000000000000000000000000000000000000000000000000000000000000000e+01
10 9 -9.0000000000000000000000000000000000000000000000000000000000000000e+00
9 10 -9.0000000000000000000000000000000000000000000000000000000000000000e+00
10 10 2.0000000000000000000000000000000000000000000000000000000000000000e+01
11 10 -1.0000000000000000000000000000000000000000000000000000000000000000e+01
10 11 -1.0000000000000000000000000000000000000000000000000000000000000000e+01
11 11 2.2000000000000000000000000000000000000000000000000000000000000000e+01
12 11 -1.1000000000000000000000000000000000000000000000000000000000000000e+01
11 12 -1.1000000000000000000000000000000000000000000000000000000000000000e+01
12 12 2.4000000000000000000000000000000000000000000000000000000000000000e+01
13 12 -1.2000000000000000000000000000000000000000000000000000000000000000e+01
12 13 -1.2000000000000000000000000000000000000000000000000000000000000000e+01
13 13 2.6000000000000000000000000000000000000000000000000000000000000000e+01
14 13 -1.3000000000000000000000000000000000000000000000000000000000000000e+01
13 14 -1.3000000000000000000000000000000000000000000000000000000000000000e+01
14 14 2.8000000000000000000000000000000000000000000000000000000000000000e+01
15 14 -1.4000000000000000000000000000000000000000000000000000000000000000e+01
14 15 -1.4000000000000000000000000000000000000000000000000000000000000000e+01
15 15 3.0000000000000000000000000000000000000000000000000000000000000000e+01
16 15 -1.5000000000000000000000000000000000000000000000000000000000000000e+01
15 16 -1.5000000000000000000000000000000000000000000000000000000000000000e+01
16 16 3.2000000000000000000000000000000000000000000000000000000000000000e+01
17 16 -1.6000000000000000000000000000000000000000000000000000000000000000e+01
16 17 -1.6000000000000000000000000000000000000000000000000000000000000000e+01
17 17 3.4000000000000000000000000000000000000000000000000000000000000000e+01
18 17 -1.7000000000000000000000000000000000000000000000000000000000000000e+01
17 18 -1.7000000000000000000000000000000000000000000000000000000000000000e+01
18 18 3.6000000000000000000000000000000000000000000000000000000000000000e+01
19 18 -1.8000000000000000000000000000000000000000000000000000000000000000e+01
18 19 -1.8000000000000000000000000000000000000000000000000000000000000000e+01
19 19 3.8000000000000000000000000000000000000000000000000000000000000000e+01
20 19 -1.9000000000000000000000000000000000000000000000000000000000000000e+01
19 20 -1.9000000000000000000000000000000000000000000000000000000000000000e+01
20 20 4.0000000000000000000000000000000000000000000000000000000000000000e+01
21 20 -2.0000000000000000000000000000000000000000000000000000000000000000e+01
20 21 -2.0000000000000000000000000000000000000000000000000000000000000000e+01
21 21 4.2000000000000000000000000000000000000000000000000000000000000000e+01
22 21 -2.1000000000000000000000000000000000000000000000000000000000000000e+01
21 22 -2.1000000000000000000000000000000000000000000000000000000000000000e+01
22 22 4.4000000000000000000000000000000000000000000000000000000000000000e+01
23 22 -2.2000000000000000000000000000000000000000000000000000000000000000e+01
22 23 -2.2000000000000000000000000000000000000000000000000000000000000000e+01
23 23 4.6000000000000000000000000000000000000000000000000000000000000000e+01
24 23 -2.3000000000000000000000000000000000000000000000000000000000000000e+01
23 24 -2.3000000000000000000000000000000000000000000000000000000000000000e+01
24 24 4.8000000000000000000000000000000000000000000000000000000000000000e+01
25 24 -2.4000000000000000000000000000000000000000000000000000000000000000e+01
24 25 -2.4000000000000000000000000000000000000000000000000000000000000000e+01
25 25 5.0000000000000000000000000000000000000000000000000000000000000000e+01
26 25 -2.5000000000000000000000000000000000000000000000000000000000000000e+01
25 26 -2.5000000000000000000000000000000000000000000000000000000000000000e+01
26 26 5.2000000000000000000000000000000000000000000000000000000000000000e+01
27 26 -2.6000000000000000000000000000000000000000000000000000000000000000e+01
26 27 -2.6000000000000000000000000000000000000000000000000000000000000000e+01
27 27 5.4000000000000000000000000000000000000000000000000000000000000000e+01
28 27 -2.7000000000000000000000000000000000000000000000000000000000000000e+01
27 28 -2.7000000000000000000000000000000000000000000000000000000000000000e+01
28 28 5.6000000000000000000000000000000000000000000000000000000000000000e+01
29 28 -2.8000000000000000000000000000000000000000000000000000000000000000e+01
28 29 -2.8000000000000000000000000000000000000000000000000000000000000000e+01
29 29 5.8000000000000000000000000000000000000000000000000000000000000000e+01
30 29 -2.9000000000000000000000000000000000000000000000000000000000000000e+01
29 30 -2.9000000000000000000000000000000000000000000000000000000000000000e+01
30 30 6.0000000000000000000000000000000000000000000000000000000000000000e+01
31 30 -3.0000000000000000000000000000000000000000000000000000000000000000e+01
30 31 -3.0000000000000000000000000000000000000000000000000000000000000000e+01
31 31 6.2000000000000000000000000000000000000000000000000000000000000000e+01
32 31 -3.1000000000000000000000000000000000000000000000000000000000000000e+01
31 32 -3.1000000000000000000000000000000000000000000000000000000000000000e+01
32 32 6.4000000000000000000000000000000000000000000000000000000000000000e+01
33 32 -3.2000000000000000000000000000000000000000000000000000000000000000e+01
32 33 -3.2000000000000000000000000000000000000000000000000000000000000000e+01
33 33 6.6000000000000000000000000000000000000000000000000000000000000000e+01
34 33 -3.3000000000000000000000000000000000000000000000000000000000000000e+01
33 34 -3.3000000000000000000000000000000000000000000000000000000000000000e+01
34 34 6.8000000000000000000000000000000000000000000000000000000000000000e+01
35 34 -3.4000000000000000000000000000000000000000000000000000000000000000e+01
34 35 -3.4000000000000000000000000000000000000000000000000000000000000000e+01
35 35 7.0000000000000000000000000000000000000000000000000000000000000000e+01
36 35 -3.5000000000000000000000000000000000000000000000000000000000000000e+01
35 36 -3.5000000000000000000000000000000000000000000000000000000000000000e+01
36 36 7.2000000000000000000000000000000000000000000000000000000000000000e+01
37 36 -3.6000000000000000000000000000000000000000000000000000000000000000e+01
36 37 -3.6000000000000000000000000000000000000000000000000000000000000000e+01
37 37 7.4000000000000000000000000000000000000000000000000000000000000000e+01
38 37 -3.7000000000000000000000000000000000000000000000000000000000000000e+01
37 38 -3.7000000000000000000000000000000000000000000000000000000000000000e+01
38 38 7.6000000000000000000000000000000000000000000000000000000000000000e+01
39 38 -3.8000000000000000000000000000000000000000000000000000000000000000e+01
38 39 -3.8000000000000000000000000000000000000000000000000000000000000000e+01
39 39 7.8000000000000000000000000000000000000000000000000000000000000000e+01
40 39 -3.9000000000000000000000000000000000000000000000000000000000000000e+01
39 40 -3.9000000000000000000000000000000000000000000000000000000000000000e+01
40 40 8.0000000000000000000000000000000000000000000000000000000000000000e+01
41 40 -4.0000000000000000000000000000000000000000000000000000000000000000e+01
40 41 -4.0000000000000000000000000000000000000000000000000000000000000000e+01
41 41 8.2000000000000000000000000000000000000000000000000000000000000000e+01
42 41 -4.1000000000000000000000000000000000000000000000000000000000000000e+01
41 42 -4.1000000000000000000000000000000000000000000000000000000000000000e+01
42 42 8.4000000000000000000000000000000000000000000000000000000000000000e+01
43 42 -4.2000000000000000000000000000000000000000000000000000000000000000e+01
42 43 -4.2000000000000000000000000000000000000000000000000000000000000000e+01
43 43 8.6000000000000000000000000000000000000000000000000000000000000000e+01
44 43 -4.3000000000000000000000000000000000000000000000000000000000000000e+01
43 44 -4.3000000000000000000000000000000000000000000000000000000000000000e+01
44 44 8.8000000000000000000000000000000000000000000000000000000000000000e+01
45 44 -4.4000000000000000000000000000000000000000000000000000000000000000e+01
44 45 -4.4000000000000000000000000000000000000000000000000000000000000000e+01
45 45 9.0000000000000000000000000000000000000000000000000000000000000000e+01
46 45 -4.5000000000000000000000000000000000000000000000000000000000000000e+01
45 46 -4.5000000000000000000000000000000000000000000000000000000000000000e+01
46 46 9.2000000000000000000000000000000000000000000000000000000000000000e+01
47 46 -4.6000000000000000000000000000000000000000000000000000000000000000e+01
46 47 -4.6000000000000000000000000000000000000000000000000000000000000000e+01
47 47 9.4000000000000000000000000000000000000000000000000000000000000000e+01
48 47 -4.7000000000000000000000000000000000000000000000000000000000000000e+01
47 48 -4.7000000000000000000000000000000000000000000000000000000000000000e+01
48 48 9.6000000000000000000000000000000000000000000000000000000000000000e+01
49 48 -4.8000000000000000000000000000000000000000000000000000000000000000e+01
48 49 -4.8000000000000000000000000000000000000000000000000000000000000000e+01
49 49 9.8000000000000000000000000000000000000000000000000000000000000000e+01
50 49 -4.9000000000000000000000000000000000000000000000000000000000000000e+01
49 50 -4.9000000000000000000000000000000000000000000000000000000000000000e+01
50 50 1.0000000000000000000000000000000000000000000000000000000000000000e+02
51 50 -5.0000000000000000000000000000000000000000000000000000000000000000e+01
50 51 -5.0000000000000000000000000000000000000000000000000000000000000000e+01
51 51 1.0200000000000000000000000000000000000000000000000000000000000000e+02
52 51 -5.1000000000000000000000000000000000000000000000000000000000000000e+01
51 52 -5.1000000000000000000000000000000000000000000000000000000000000000e+01
52 52 1.0400000000000000000000000000000000000000000000000000000000000000e+02
53 52 -5.2000000000000000000000000000000000000000000000000000000000000000e+01
52 53 -5.2000000000000000000000000000000000000000000000000000000000000000e+01
53 53 1.0600000000000000000000000000000000000000000000000000000000000000e+02
54 53 -5.3000000000000000000000000000000000000000000000000000000000000000e+01
53 54 -5.3000000000000000000000000000000000000000000000000000000000000000e+01
54 54 1.0800000000000000000000000000000000000000000000000000000000000000e+02
55 54 -5.4000000000000000000000000000000000000000000000000000000000000000e+01
54 55 -5.4000000000000000000000000000000000000000000000000000000000000000e+01
55 55 1.1000000000000000000000000000000000000000000000000000000000000000e+02
56 55 -5.5000000000000000000000000000000000000000000000000000000000000000e+01
55 56 -5.5000000000000000000000000000000000000000000000000000000000000000e+01
56 56 1.1200000000000000000000000000000000000000000000000000000000000000e+02
57 56 -5.6000000000000000000000000000000000000000000000000000000000000000e+01
56 57 -5.6000000000000000000000000000000000000000000000000000000000000000e+01
57 57 1.1400000000000000000000000000000000000000000000000000000000000000e+02
58 57 -5.7000000000000000000000000000000000000000000000000000000000000000e+01
57 58 -5.7000000000000000000000000000000000000000000000000000000000000000e+01
58 58 1.1600000000000000000000000000000000000000000000000000000000000000e+02
59 58 -5.8000000000000000000000000000000000000000000000000000000000000000e+01
58 59 -5.8000000000000000000000000000000000000000000000000000000000000000e+01
59 59 1.1800000000000000000000000000000000000000000000000000000000000000e+02
60 59 -5.9000000000000000000000000000000000000000000000000000000000000000e+01
59 60 -5.9000000000000000000000000000000000000000000000000000000000000000e+01
60 60 1.2000000000000000000000000000000000000000000000000000000000000000e+02
61 60 -6.0000000000000000000000000000000000000000000000000000000000000000e+01
60 61 -6.0000000000000000000000000000000000000000000000000000000000000000e+01
61 61 1.2200000000000000000000000000000000000000000000000000000000000000e+02
62 61 -6.1000000000000000000000000000000000000000000000000000000000000000e+01
61 62 -6.1000000000000000000000000000000000000000000000000000000000000000e+01
62 62 1.2400000000000000000000000000000000000000000000000000000000000000e+02
63 62 -6.2000000000000000000000000000000000000000000000000000000000000000e+01
62 63 -6.2000000000000000000000000000000000000000000000000000000000000000e+01
63 63 1.2600000000000000000000000000000000000000000000000000000000000000e+02
64 63 -6.3000000000000000000000000000000000000000000000000000000000000000e+01
63 64 -6.3000000000000000000000000000000000000000000000000000000000000000e+01
64 64 1.2800000000000000000000000000000000000000000000000000000000000000e+02
65 64 -6.4000000000000000000000000000000000000000000000000000000000000000e+01
64 65 -6.4000000000000000000000000000000000000000000000000000000000000000e+01
65 65 1.3000000000000000000000000000000000000000000000000000000000000000e+02
66 65 -6.5000000000000000000000000000000000000000000000000000000000000000e+01
65 66 -6.5000000000000000000000000000000000000000000000000000000000000000e+01
66 66 1.3200000000000000000000000000000000000000000000000000000000000000e+02
67 66 -6.6000000000000000000000000000000000000000000000000000000000000000e+01
66 67 -6.6000000000000000000000000000000000000000000000000000000000000000e+01
67 67 1.3400000000000000000000000000000000000000000000000000000000000000e+02
68 67 -6.7000000000000000000000000000000000000000000000000000000000000000e+01
67 68 -6.7000000000000000000000000000000000000000000000000000000000000000e+01
68 68 1.3600000000000000000000000000000000000000000000000000000000000000e+02
69 68 -6.8000000000000000000000000000000000000000000000000000000000000000e+01
68 69 -6.8000000000000000000000000000000000000000000000000000000000000000e+01
69 69 1.3800000000000000000000000000000000000000000000000000000000000000e+02
70 69 -6.9000000000000000000000000000000000000000000000000000000000000000e+01
69 70 -6.9000000000000000000000000000000000000000000000000000000000000000e+01
70 70 1.4000000000000000000000000000000000000000000000000000000000000000e+02
71 70 -7.0000000000000000000000000000000000000000000000000000000000000000e+01
70 71 -7.0000000000000000000000000000000000000000000000000000000000000000e+01
71 71 1.4200000000000000000000000000000000000000000000000000000000000000e+02
72 71 -7.1000000000000000000000000000000000000000000000000000000000000000e+01
71 72 -7.1000000000000000000000000000000000000000000000000000000000000000e+01
72 72 1.4400000000000000000000000000000000000000000000000000000000000000e+02
73 72 -7.2000000000000000000000000000000000000000000000000000000000000000e+01
72 73 -7.2000000000000000000000000000000000000000000000000000000000000000e+01
73 73 1.4600000000000000000000000000000000000000000000000000000000000000e+02
74 73 -7.3000000000000000000000000000000000000000000000000000000000000000e+01
73 74 -7.3000000000000000000000000000000000000000000000000000000000000000e+01
74 74 1.4800000000000000000000000000000000000000000000000000000000000000e+02
75 74 -7.4000000000000000000000000000000000000000000000000000000000000000e+01
74 75 -7.4000000000000000000000000000000000000000000000000000000000000000e+01
75 75 1.5000000000000000000000000000000000000000000000000000000000000000e+02
76 75 -7.5000000000000000000000000000000000000000000000000000000000000000e+01
75 76 -7.5000000000000000000000000000000000000000000000000000000000000000e+01
76 76 1.5200000000000000000000000000000000000000000000000000000000000000e+02
77 76 -7.6000000000000000000000000000000000000000000000000000000000000000e+01
76 77 -7.6000000000000000000000000000000000000000000000000000000000000000e+01
77 77 1.5400000000000000000000000000000000000000000000000000000000000000e+02
78 77 -7.7000000000000000000000000000000000000000000000000000000000000000e+01
77 78 -7.7000000000000000000000000000000000000000000000000000000000000000e+01
78 78 1.5600000000000000000000000000000000000000000000000000000000000000e+02
79 78 -7.8000000000000000000000000000000000000000000000000000000000000000e+01
78 79 -7.8000000000000000000000000000000000000000000000000000000000000000e+01
79 79 1.5800000000000000000000000000000000000000000000000000000000000000e+02
80 79 -7.9000000000000000000000000000000000000000000000000000000000000000e+01
79 80 -7.9000000000000000000000000000000000000000000000000000000000000000e+01
80 80 1.6000000000000000000000000000000000000000000000000000000000000000e+02
81 80 -8.0000000000000000000000000000000000000000000000000000000000000000e+01
80 81 -8.0000000000000000000000000000000000000000000000000000000000000000e+01
81 81 1.6200000000000000000000000000000000000000000000000000000000000000e+02
82 81 -8.1000000000000000000000000000000000000000000000000000000000000000e+01
81 82 -8.1000000000000000000000000000000000000000000000000000000000000000e+01
82 82 1.6400000000000000000000000000000000000000000000000000000000000000e+02
83 82 -8.2000000000000000000000000000000000000000000000000000000000000000e+01
82 83 -8.2000000000000000000000000000000000000000000000000000000000000000e+01
83 83 1.6600000000000000000000000000000000000000000000000000000000000000e+02
84 83 -8.3000000000000000000000000000000000000000000000000000000000000000e+01
83 84 -8.3000000000000000000000000000000000000000000000000000000000000000e+01
84 84 1.6800000000000000000000000000000000000000000000000000000000000000e+02
85 84 -8.4000000000000000000000000000000000000000000000000000000000000000e+01
84 85 -8.4000000000000000000000000000000000000000000000000000000000000000e+01
85 85 1.7000000000000000000000000000000000000000000000000000000000000000e+02
86 85 -8.5000000000000000000000000000000000000000000000000000000000000000e+01
85 86 -8.5000000000000000000000000000000000000000000000000000000000000000e+01
86 86 1.7200000000000000000000000000000000000000000000000000000000000000e+02
87 86 -8.6000000000000000000000000000000000000000000000000000000000000000e+01
86 87 -8.6000000000000000000000000000000000000000000000000000000000000000e+01
87 87 1.7400000000000000000000000000000000000000000000000000000000000000e+02
88 87 -8.7000000000000000000000000000000000000000000000000000000000000000e+01
87 88 -8.7000000000000000000000000000000000000000000000000000000000000000e+01
88 88 1.7600000000000000000000000000000000000000000000000000000000000000e+02
89 88 -8.8000000000000000000000000000000000000000000000000000000000000000e+01
88 89 -8.8000000000000000000000000000000000000000000000000000000000000000e+01
89 89 1.7800000000000000000000000000000000000000000000000000000000000000e+02
90 89 -8.9000000000000000000000000000000000000000000000000000000000000000e+01
89 90 -8.9000000000000000000000000000000000000000000000000000000000000000e+01
90 90 1.8000000000000000000000000000000000000000000000000000000000000000e+02
91 90 -9.0000000000000000000000000000000000000000000000000000000000000000e+01
90 91 -9.0000000000000000000000000000000000000000000000000000000000000000e+01
91 91 1.8200000000000000000000000000000000000000000000000000000000000000e+02
92 91 -9.1000000000000000000000000000000000000000000000000000000000000000e+01
91 92 -9.1000000000000000000000000000000000000000000000000000000000000000e+01
92 92 1.8400000000000000000000000000000000000000000000000000000000000000e+02
93 92 -9.2000000000000000000000000000000000000000000000000000000000000000e+01
92 93 -9.2000000000000000000000000000000000000000000000000000000000000000e+01
93 93 1.8600000000000000000000000000000000000000000000000000000000000000e+02
94 93 -9.3000000000000000000000000000000000000000000000000000000000000000e+01
93 94 -9.3000000000000000000000000000000000000000000000000000000000000000e+01
94 94 1.8800000000000000000000000000000000000000000000000000000000000000e+02
95 94 -9.4000000000000000000000000000000000000000000000000000000000000000e+01
94 95 -9.4000000000000000000000000000000000000000000000000000000000000000e+01
95 95 1.9000000000000000000000000000000000000000000000000000000000000000e+02
96 95 -9.5000000000000000000000000000000000000000000000000000000000000000e+01
95 96 -9.5000000000000000000000000000000000000000000000000000000000000000e+01
96 96 1.9200000000000000000000000000000000000000000000000000000000000000e+02
97 96 -9.6000000000000000000000000000000000000000000000000000000000000000e+01
96 97 -9.6000000000000000000000000000000000000000000000000000000000000000e+01
97 97 1.9400000000000000000000000000000000000000000000000000000000000000e+02
98 97 -9.7000000000000000000000000000000000000000000000000000000000000000e+01
97 98 -9.7000000000000000000000000000000000000000000000000000000000000000e+01
98 98 1.9600000000000000000000000000000000000000000000000000000000000000e+02
99 98 -9.8000000000000000000000000000000000000000000000000000000000000000e+01
98 99 -9.8000000000000000000000000000000000000000000000000000000000000000e+01
99 99 1.9800000000000000000000000000000000000000000000000000000000000000e+02
100 99 -9.9000000000000000000000000000000000000000000000000000000000000000e+01
99 100 -9.9000000000000000000000000000000000000000000000000000000000000000e+01
100 100 2.0000000000000000000000000000000000000000000000000000000000000000e+02
101 100 -1.0000000000000000000000000000000000000000000000000000000000000000e+02
100 101 -1.0000000000000000000000000000000000000000000000000000000000000000e+02
101 101 2.0200000000000000000000000000000000000000000000000000000000000000e+02
102 101 -1.0100000000000000000000000000000000000000000000000000000000000000e+02
101 102 -1.0100000000000000000000000000000000000000000000000000000000000000e+02
102 102 2.0400000000000000000000000000000000000000000000000000000000000000e+02
103 102 -1.0200000000000000000000000000000000000000000000000000000000000000e+02
102 103 -1.0200000000000000000000000000000000000000000000000000000000000000e+02
103 103 2.0600000000000000000000000000000000000000000000000000000000000000e+02
104 103 -1.0300000000000000000000000000000000000000000000000000000000000000e+02
103 104 -1.0300000000000000000000000000000000000000000000000000000000000000e+02
104 104 2.0800000000000000000000000000000000000000000000000000000000000000e+02
105 104 -1.0400000000000000000000000000000000000000000000000000000000000000e+02
104 105 -1.0400000000000000000000000000000000000000000000000000000000000000e+02
105 105 2.1000000000000000000000000000000000000000000000000000000000000000e+02
106 105 -1.0500000000000000000000000000000000000000000000000000000000000000e+02
105 106 -1.0500000000000000000000000000000000000000000000000000000000000000e+02
106 106 2.1200000000000000000000000000000000000000000000000000000000000000e+02
107 106 -1.0600000000000000000000000000000000000000000000000000000000000000e+02
106 107 -1.0600000000000000000000000000000000000000000000000000000000000000e+02
107 107 2.1400000000000000000000000000000000000000000000000000000000000000e+02
108 107 -1.0700000000000000000000000000000000000000000000000000000000000000e+02
107 108 -1.0700000000000000000000000000000000000000000000000000000000000000e+02
108 108 2.1600000000000000000000000000000000000000000000000000000000000000e+02
109 108 -1.0800000000000000000000000000000000000000000000000000000000000000e+02
108 109 -1.0800000000000000000000000000000000000000000000000000000000000000e+02
109 109 2.1800000000000000000000000000000000000000000000000000000000000000e+02
110 109 -1.0900000000000000000000000000000000000000000000000000000000000000e+02
109 110 -1.0900000000000000000000000000000000000000000000000000000000000000e+02
110 110 2.2000000000000000000000000000000000000000000000000000000000000000e+02
111 110 -1.1000000000000000000000000000000000000000000000000000000000000000e+02
110 111 -1.1000000000000000000000000000000000000000000000000000000000000000e+02
111 111 2.2200000000000000000000000000000000000000000000000000000000000000e+02
112 111 -1.1100000000000000000000000000000000000000000000000000000000000000e+02
111 112 -1.1100000000000000000000000000000000000000000000000000000000000000e+02
112 112 2.2400000000000000000000000000000000000000000000000000000000000000e+02
113 112 -1.1200000000000000000000000000000000000000000000000000000000000000e+02
112 113 -1.1200000000000000000000000000000000000000000000000000000000000000e+02
113 113 2.2600000000000000000000000000000000000000000000000000000000000000e+02
114 113 -1.1300000000000000000000000000000000000000000000000000000000000000e+02
113 114 -1.1300000000000000000000000000000000000000000000000000000000000000e+02
114 114 2.2800000000000000000000000000000000000000000000000000000000000000e+02
115 114 -1.1400000000000000000000000000000000000000000000000000000000000000e+02
114 115 -1.1400000000000000000000000000000000000000000000000000000000000000e+02
115 115 2.3000000000000000000000000000000000000000000000000000000000000000e+02
116 115 -1.1500000000000000000000000000000000000000000000000000000000000000e+02
115 116 -1.1500000000000000000000000000000000000000000000000000000000000000e+02
116 116 2.3200000000000000000000000000000000000000000000000000000000000000e+02
117 116 -1.1600000000000000000000000000000000000000000000000000000000000000e+02
116 117 -1.1600000000000000000000000000000000000000000000000000000000000000e+02
117 117 2.3400000000000000000000000000000000000000000000000000000000000000e+02
118 117 -1.1700000000000000000000000000000000000000000000000000000000000000e+02
117 118 -1.1700000000000000000000000000000000000000000000000000000000000000e+02
118 118 2.3600000000000000000000000000000000000000000000000000000000000000e+02
119 118 -1.1800000000000000000000000000000000000000000000000000000000000000e+02
118 119 -1.1800000000000000000000000000000000000000000000000000000000000000e+02
119 119 2.3800000000000000000000000000000000000000000000000000000000000000e+02
120 119 -1.1900000000000000000000000000000000000000000000000000000000000000e+02
119 120 -1.1900000000000000000000000000000000000000000000000000000000000000e+02
120 120 2.4000000000000000000000000000000000000000000000000000000000000000e+02
121 120 -1.2000000000000000000000000000000000000000000000000000000000000000e+02
120 121 -1.2000000000000000000000000000000000000000000000000000000000000000e+02
121 121 2.4200000000000000000000000000000000000000000000000000000000000000e+02
122 121 -1.2100000000000000000000000000000000000000000000000000000000000000e+02
121 122 -1.2100000000000000000000000000000000000000000000000000000000000000e+02
122 122 2.4400000000000000000000000000000000000000000000000000000000000000e+02
123 122 -1.2200000000000000000000000000000000000000000000000000000000000000e+02
122 123 -1.2200000000000000000000000000000000000000000000000000000000000000e+02
123 123 2.4600000000000000000000000000000000000000000000000000000000000000e+02
124 123 -1.2300000000000000000000000000000000000000000000000000000000000000e+02
123 124 -1.2300000000000000000000000000000000000000000000000000000000000000e+02
124 124 2.4800000000000000000000000000000000000000000000000000000000000000e+02
125 124 -1.2400000000000000000000000000000000000000000000000000000000000000e+02
124 125 -1.2400000000000000000000000000000000000000000000000000000000000000e+02
125 125 2.5000000000000000000000000000000000000000000000000000000000000000e+02
126 125 -1.2500000000000000000000000000000000000000000000000000000000000000e+02
125 126 -1.2500000000000000000000000000000000000000000000000000000000000000e+02
126 126 2.5200000000000000000000000000000000000000000000000000000000000000e+02
127 126 -1.2600000000000000000000000000000000000000000000000000000000000000e+02
126 127 -1.2600000000000000000000000000000000000000000000000000000000000000e+02
127 127 2.5400000000000000000000000000000000000000000000000000000000000000e+02
128 127 -1.2700000000000000000000000000000000000000000000000000000000000000e+02
127 128 -1.2700000000000000000000000000000000000000000000000000000000000000e+02
128 128 2.5600000000000000000000000000000000000000000000000000000000000000e+02
129 128 -1.2800000000000000000000000000000000000000000000000000000000000000e+02
128 129 -1.2800000000000000000000000000000000000000000000000000000000000000e+02
129 129 2.5800000000000000000000000000000000000000000000000000000000000000e+02
130 129 -1.2900000000000000000000000000000000000000000000000000000000000000e+02
129 130 -1.2900000000000000000000000000000000000000000000000000000000000000e+02
130 130 2.6000000000000000000000000000000000000000000000000000000000000000e+02
131 130 -1.3000000000000000000000000000000000000000000000000000000000000000e+02
130 131 -1.3000000000000000000000000000000000000000000000000000000000000000e+02
131 131 2.6200000000000000000000000000000000000000000000000000000000000000e+02
132 131 -1.3100000000000000000000000000000000000000000000000000000000000000e+02
131 132 -1.3100000000000000000000000000000000000000000000000000000000000000e+02
132 132 2.6400000000000000000000000000000000000000000000000000000000000000e+02
133 132 -1.3200000000000000000000000000000000000000000000000000000000000000e+02
132 133 -1.3200000000000000000000000000000000000000000000000000000000000000e+02
133 133 2.6600000000000000000000000000000000000000000000000000000000000000e+02
134 133 -1.3300000000000000000000000000000000000000000000000000000000000000e+02
133 134 -1.3300000000000000000000000000000000000000000000000000000000000000e+02
134 134 2.6800000000000000000000000000000000000000000000000000000000000000e+02
135 134 -1.3400000000000000000000000000000000000000000000000000000000000000e+02
134 135 -1.3400000000000000000000000000000000000000000000000000000000000000e+02
135 135 2.7000000000000000000000000000000000000000000000000000000000000000e+02
136 135 -1.3500000000000000000000000000000000000000000000000000000000000000e+02
135 136 -1.3500000000000000000000000000000000000000000000000000000000000000e+02
136 136 2.7200000000000000000000000000000000000000000000000000000000000000e+02
137 136 -1.3600000000000000000000000000000000000000000000000000000000000000e+02
136 137 -1.3600000000000000000000000000000000000000000000000000000000000000e+02
137 137 2.7400000000000000000000000000000000000000000000000000000000000000e+02
138 137 -1.3700000000000000000000000000000000000000000000000000000000000000e+02
137 138 -1.3700000000000000000000000000000000000000000000000000000000000000e+02
138 138 2.7600000000000000000000000000000000000000000000000000000000000000e+02
139 138 -1.3800000000000000000000000000000000000000000000000000000000000000e+02
138 139 -1.3800000000000000000000000000000000000000000000000000000000000000e+02
139 139 2.7800000000000000000000000000000000000000000000000000000000000000e+02
140 139 -1.3900000000000000000000000000000000000000000000000000000000000000e+02
139 140 -1.3900000000000000000000000000000000000000000000000000000000000000e+02
140 140 2.8000000000000000000000000000000000000000000000000000000000000000e+02
141 140 -1.4000000000000000000000000000000000000000000000000000000000000000e+02
140 141 -1.4000000000000000000000000000000000000000000000000000000000000000e+02
141 141 2.8200000000000000000000000000000000000000000000000000000000000000e+02
142 141 -1.4100000000000000000000000000000000000000000000000000000000000000e+02
141 142 -1.4100000000000000000000000000000000000000000000000000000000000000e+02
142 142 2.8400000000000000000000000000000000000000000000000000000000000000e+02
143 142 -1.4200000000000000000000000000000000000000000000000000000000000000e+02
142 143 -1.4200000000000000000000000000000000000000000000000000000000000000e+02
143 143 2.8600000000000000000000000000000000000000000000000000000000000000e+02
144 143 -1.4300000000000000000000000000000000000000000000000000000000000000e+02
143 144 -1.4300000000000000000000000000000000000000000000000000000000000000e+02
144 144 2.8800000000000000000000000000000000000000000000000000000000000000e+02
145 144 -1.4400000000000000000000000000000000000000000000000000000000000000e+02
144 145 -1.4400000000000000000000000000000000000000000000000000000000000000e+02
145 145 2.9000000000000000000000000000000000000000000000000000000000000000e+02
146 145 -1.4500000000000000000000000000000000000000000000000000000000000000e+02
145 146 -1.4500000000000000000000000000000000000000000000000000000000000000e+02
146 146 2.9200000000000000000000000000000000000000000000000000000000000000e+02
147 146 -1.4600000000000000000000000000000000000000000000000000000000000000e+02
146 147 -1.4600000000000000000000000000000000000000000000000000000000000000e+02
147 147 2.9400000000000000000000000000000000000000000000000000000000000000e+02
148 147 -1.4700000000000000000000000000000000000000000000000000000000000000e+02
147 148 -1.4700000000000000000000000000000000000000000000000000000000000000e+02
148 148 2.9600000000000000000000000000000000000000000000000000000000000000e+02
149 148 -1.4800000000000000000000000000000000000000000000000000000000000000e+02
148 149 -1.4800000000000000000000000000000000000000000000000000000000000000e+02
149 149 2.9800000000000000000000000000000000000000000000000000000000000000e+02
150 149 -1.4900000000000000000000000000000000000000000000000000000000000000e+02
149 150 -1.4900000000000000000000000000000000000000000000000000000000000000e+02
150 150 3.0000000000000000000000000000000000000000000000000000000000000000e+02
151 150 -1.5000000000000000000000000000000000000000000000000000000000000000e+02
150 151 -1.5000000000000000000000000000000000000000000000000000000000000000e+02
151 151 3.0200000000000000000000000000000000000000000000000000000000000000e+02
152 151 -1.5100000000000000000000000000000000000000000000000000000000000000e+02
151 152 -1.5100000000000000000000000000000000000000000000000000000000000000e+02
152 152 3.0400000000000000000000000000000000000000000000000000000000000000e+02
153 152 -1.5200000000000000000000000000000000000000000000000000000000000000e+02
152 153 -1.5200000000000000000000000000000000000000000000000000000000000000e+02
153 153 3.0600000000000000000000000000000000000000000000000000000000000000e+02
154 153 -1.5300000000000000000000000000000000000000000000000000000000000000e+02
153 154 -1.5300000000000000000000000000000000000000000000000000000000000000e+02
154 154 3.0800000000000000000000000000000000000000000000000000000000000000e+02
155 154 -1.5400000000000000000000000000000000000000000000000000000000000000e+02
154 155 -1.5400000000000000000000000000000000000000000000000000000000000000e+02
155 155 3.1000000000000000000000000000000000000000000000000000000000000000e+02
156 155 -1.5500000000000000000000000000000000000000000000000000000000000000e+02
155 156 -1.5500000000000000000000000000000000000000000000000000000000000000e+02
156 156 3.1200000000000000000000000000000000000000000000000000000000000000e+02
157 156 -1.5600000000000000000000000000000000000000000000000000000000000000e+02
156 157 -1.5600000000000000000000000000000000000000000000000000000000000000e+02
157 157 3.1400000000000000000000000000000000000000000000000000000000000000e+02
158 157 -1.5700000000000000000000000000000000000000000000000000000000000000e+02
157 158 -1.5700000000000000000000000000000000000000000000000000000000000000e+02
158 158 3.1600000000000000000000000000000000000000000000000000000000000000e+02
159 158 -1.5800000000000000000000000000000000000000000000000000000000000000e+02
158 159 -1.5800000000000000000000000000000000000000000000000000000000000000e+02
159 159 3.1800000000000000000000000000000000000000000000000000000000000000e+02
160 159 -1.5900000000000000000000000000000000000000000000000000000000000000e+02
159 160 -1.5900000000000000000000000000000000000000000000000000000000000000e+02
160 160 3.2000000000000000000000000000000000000000000000000000000000000000e+02
161 160 -1.6000000000000000000000000000000000000000000000000000000000000000e+02
160 161 -1.6000000000000000000000000000000000000000000000000000000000000000e+02
161 161 3.2200000000000000000000000000000000000000000000000000000000000000e+02
162 161 -1.6100000000000000000000000000000000000000000000000000000000000000e+02
161 162 -1.6100000000000000000000000000000000000000000000000000000000000000e+02
162 162 3.2400000000000000000000000000000000000000000000000000000000000000e+02
163 162 -1.6200000000000000000000000000000000000000000000000000000000000000e+02
162 163 -1.6200000000000000000000000000000000000000000000000000000000000000e+02
163 163 3.2600000000000000000000000000000000000000000000000000000000000000e+02
164 163 -1.6300000000000000000000000000000000000000000000000000000000000000e+02
163 164 -1.6300000000000000000000000000000000000000000000000000000000000000e+02
164 164 3.2800000000000000000000000000000000000000000000000000000000000000e+02
165 164 -1.6400000000000000000000000000000000000000000000000000000000000000e+02
164 165 -1.6400000000000000000000000000000000000000000000000000000000000000e+02
165 165 3.3000000000000000000000000000000000000000000000000000000000000000e+02
166 165 -1.6500000000000000000000000000000000000000000000000000000000000000e+02
165 166 -1.6500000000000000000000000000000000000000000000000000000000000000e+02
166 166 3.3200000000000000000000000000000000000000000000000000000000000000e+02
167 166 -1.6600000000000000000000000000000000000000000000000000000000000000e+02
166 167 -1.6600000000000000000000000000000000000000000000000000000000000000e+02
167 167 3.3400000000000000000000000000000000000000000000000000000000000000e+02
168 167 -1.6700000000000000000000000000000000000000000000000000000000000000e+02
167 168 -1.6700000000000000000000000000000000000000000000000000000000000000e+02
168 168 3.3600000000000000000000000000000000000000000000000000000000000000e+02
169 168 -1.6800000000000000000000000000000000000000000000000000000000000000e+02
168 169 -1.6800000000000000000000000000000000000000000000000000000000000000e+02
169 169 3.3800000000000000000000000000000000000000000000000000000000000000e+02
170 169 -1.6900000000000000000000000000000000000000000000000000000000000000e+02
169 170 -1.6900000000000000000000000000000000000000000000000000000000000000e+02
170 170 3.4000000000000000000000000000000000000000000000000000000000000000e+02
171 170 -1.7000000000000000000000000000000000000000000000000000000000000000e+02
